211
211
218
213
210
212
219
215
215
210
212
221
220
213
215
217
214
222
211
216
221
212
224
219
221
217
219
219
217
219
216
216
210
217
217
213
215
210
218
213
223
214
216
216
216
218
213
211
219
212
208
216
216
218
210
219
214
214
210
218
219
215
213
211
216
213
212
213
212
212
218
210
215
219
217
212
213
223
225
223
216
211
213
210
216
205
220
219
209
216
221
219
214
214
215
223
214
215
215
219
215
216
214
210
223
212
212
211
221
218
222
217
212
219
215
211
212
218
217
215
213
215
218
225
215
214
217
214
219
215
219
213
218
214
212
220
212
213
213
220
220
216
221
213
213
210
213
213
219
220
214
215
218
214
215
211
214
220
216
215
222
218
213
217
209
212
214
216
213
215
215
215
216
211
223
217
216
214
216
212
207
215
216
221
215
220
217
217
221
215
218
209
221
223
218
213
210
218
215
222
216
221
222
216
215
216
219
215
214
209
218
219
220
222
218
210
216
215
214
219
207
216
214
219
222
213
212
214
216
227
208
213
217
216
208
213
218
215
211
213
211
222
217
207
212
219
213
215
210
213
222
209
212
215
223
221
220
219
216
222
217
217
207
219
223
219
218
226
225
230
230
229
239
239
230
232
237
237
230
227
235
233
226
218
211
220
212
203
196
200
208
199
200
201
206
201
200
202
204
197
205
192
199
198
199
200
194
207
207
204
196
208
218
211
206
212
221
218
212
204
215
220
216
207
203
222
221
220
202
224
224
217
204
205
226
227
214
203
216
226
223
219
215
227
231
219
206
219
229
222
214
208
219
235
220
210
211
225
221
211
211
217
229
219
216
217
222
222
215
213
221
224
225
228
214
219
227
212
221
214
224
219
213
205
213
224
210
216
205
218
221
214
207
214
219
217
216
204
209
217
208
201
206
225
220
208
201
205
217
215
204
200
210
226
216
212
206
224
230
213
210
221
228
223
216
210
235
233
222
215
216
232
225
221
213
224
229
223
212
204
227
218
209
203
211
223
216
211
201
217
219
206
199
216
226
219
214
211
223
231
217
213
221
230
223
223
214
215
233
224
218
211
218
222
217
214
210
225
216
218
204
212
226
214
217
203
223
222
216
205
212
226
221
220
214
220
233
227
212
207
224
218
217
207
216
232
223
217
213
221
232
221
213
210
222
223
216
203
218
229
217
213
207
220
230
212
208
212
222
222
208
209
215
215
209
205
208
220
214
207
193
214
220
205
203
204
222
211
203
196
215
226
212
211
198
220
217
210
207
214
222
210
211
214
216
216
216
207
220
226
219
216
214
226
235
226
219
223
229
229
220
220
222
229
229
227
216
220
225
215
224
210
220
222
214
211
210
220
217
216
209
215
218
215
204
212
218
209
219
202
212
214
215
213
209
218
223
222
207
209
224
222
210
210
219
223
214
218
210
216
222
209
205
211
225
218
211
202
215
222
208
206
207
223
223
206
207
220
227
212
209
202
225
219
212
206
220
221
215
214
204
222
224
215
205
211
228
220
212
203
212
227
211
204
211
225
220
208
203
209
236
211
212
208
225
232
215
215
215
239
229
216
210
226
233
216
217
213
224
222
213
209
210
228
213
212
201
219
223
214
205
211
232
225
220
207
214
237
221
212
217
227
225
217
204
216
227
227
214
198
224
228
215
207
209
224
222
207
197
213
232
216
206
199
221
227
212
204
198
238
223
210
205
225
234
216
206
208
235
222
220
191
214
231
214
202
190
221
215
205
188
208
231
218
207
197
221
231
216
200
203
232
222
218
201
210
234
216
203
207
221
223
215
215
214
233
223
210
211
225
225
213
214
214
228
216
218
208
215
224
216
216
212
225
216
216
209
213
220
210
214
211
214
217
217
216
214
224
214
217
215
221
217
218
217
214
225
223
222
222
217
224
220
213
213
221
225
213
217
217
227
220
215
216
220
223
216
214
214
226
225
216
209
214
225
217
213
218
225
219
207
214
206
219
211
216
202
225
219
213
212
210
225
217
210
203
215
216
212
213
212
219
214
209
207
217
219
220
213
209
214
223
214
218
218
221
215
217
210
220
226
215
208
210
225
224
214
216
216
216
216
214
214
217
222
214
215
213
222
211
216
213
218
216
207
214
216
222
217
220
210
215
220
213
217
207
225
213
216
216
216
216
218
217
211
216
220
221
217
210
220
221
217
211
218
226
223
216
209
217
224
217
211
212
221
216
211
216
214
228
211
215
213
224
218
220
213
216
229
214
216
212
223
222
215
209
215
218
222
218
206
214
223
210
211
214
221
220
212
211
216
215
217
210
212
221
229
213
213
218
219
217
212
209
219
222
211
211
208
221
227
212
214
210
224
218
215
210
222
221
212
216
222
223
211
222
221
218
219
218
220
210
217
218
211
208
202
222
223
210
202
210
218
218
213
205
213
225
216
216
216
222
227
220
220
217
229
217
222
232
218
212
212
214
211
215
208
211
202
216
216
212
207
210
229
219
225
221
231
236
233
224
223
232
226
215
211
218
211
202
205
207
208
204
194
197
194
182
183
186
197
195
198
200
201
217
216
215
220
227
223
219
219
230
226
217
220
213
219
222
215
216
223
221
226
222
224
231
232
227
228
274
232
222
219
214
213
220
212
207
220
220
209
211
213
219
220
216
216
221
217
224
222
215
212
221
216
209
222
215
216
214
214
215
220
210
204
215
208
215
210
212
217
206
212
208
212
