213
215
223
208
216
216
221
217
219
209
212
217
213
208
209
216
222
210
210
216
218
218
213
211
218
217
215
215
219
218
218
211
218
221
217
215
217
219
211
213
216
223
220
216
222
216
222
218
219
217
221
213
224
218
214
220
216
222
221
222
221
221
217
215
221
218
218
214
218
219
229
213
214
215
224
222
210
216
214
224
212
218
221
216
212
214
220
213
209
213
215
220
212
214
221
221
212
212
219
220
218
215
218
218
222
221
210
215
222
215
211
212
227
219
215
220
218
220
218
215
209
219
218
221
211
215
217
219
210
215
220
216
216
214
218
220
225
214
208
219
214
225
212
218
213
215
213
216
220
213
217
210
223
211
215
216
220
211
220
214
216
220
218
218
216
220
221
220
217
209
210
211
217
216
218
211
214
214
221
209
222
218
217
220
213
223
220
221
216
217
214
222
221
214
214
211
217
217
213
210
217
216
212
218
208
214
215
222
208
222
218
211
210
215
225
221
215
212
216
219
209
210
214
219
213
214
220
216
217
213
213
216
216
210
208
220
218
215
214
210
220
220
219
212
212
219
210
221
211
218
212
220
218
215
212
216
216
214
221
215
215
220
220
222
215
213
218
214
214
216
209
215
215
212
217
223
216
220
217
213
218
211
218
213
218
215
217
214
213
218
218
222
216
223
219
220
212
210
216
213
217
216
220
219
217
212
217
211
217
211
211
222
215
217
223
218
218
222
214
214
225
220
212
213
223
223
217
216
214
218
217
209
211
217
214
211
209
221
216
216
215
211
219
221
216
212
217
220
217
213
215
218
214
213
215
224
220
219
217
219
214
215
219
217
218
220
215
213
219
215
216
219
211
218
214
218
212
222
212
211
224
215
216
215
214
217
221
218
209
217
221
214
215
216
209
213
206
210
211
219
216
212
210
218
220
215
217
212
218
214
214
216
215
214
208
224
208
213
212
215
217
216
220
218
214
209
217
220
216
215
223
215
213
216
219
219
224
215
216
218
217
221
221
224
215
222
214
216
218
221
216
211
218
218
216
220
214
218
213
218
211
218
215
212
215
217
215
218
218
212
219
214
212
214
217
220
220
220
218
216
221
214
214
224
213
216
210
227
214
211
211
213
215
212
218
213
221
212
218
211
214
220
212
216
211
220
213
221
213
220
226
218
212
216
222
216
208
216
216
214
217
211
211
220
220
212
213
215
224
217
214
212
225
215
219
210
215
215
213
209
227
212
223
220
213
220
210
211
209
219
220
212
216
209
220
212
220
209
219
220
208
215
215
219
213
215
211
216
214
211
214
218
215
218
211
216
225
216
217
218
215
222
216
215
208
216
211
222
212
219
211
216
216
223
218
211
212
217
225
213
220
211
222
215
214
212
212
218
216
215
214
218
217
212
214
215
220
211
211
210
219
220
212
213
216
211
221
212
212
218
213
216
220
225
217
205
212
217
220
213
216
212
225
213
222
213
218
218
220
217
211
215
217
217
214
219
219
223
224
213
220
215
215
213
217
218
215
214
224
215
216
216
212
217
214
211
220
220
216
218
214
211
211
212
221
208
220
219
215
213
221
220
215
218
216
220
211
223
219
218
220
216
214
214
220
218
214
217
222
222
216
215
210
220
209
210
205
213
213
214
216
215
212
218
209
209
216
215
206
213
217
211
217
217
215
217
215
215
214
218
222
219
216
220
223
222
215
211
220
216
214
210
216
216
215
212
214
218
214
213
213
220
223
220
212
215
223
213
219
213
216
217
215
217
224
214
217
215
211
217
219
209
216
218
218
217
212
209
216
212
211
209
219
216
211
217
221
216
214
210
217
219
213
223
218
